  0  8 42 96157209244255242211170132106100116150194231249242210158 95 3722 1 1ZJ 657255181425099999999999999 012 -1124710099999999999999
 -6-22 -8 35 98166224259268252216171130104 99118157204241256244205146 7922 1 2ZJ 75126919 425699999999999999 1 3-221342 9899999999999999
 18-23-35-15 36107179237270274252211163122 97 9712216621525026124319813422 1 3ZJ 840276195326199999999999999 153-361432 9499999999999999
 65  5-32-38-10 47121193246273271244199151112 92 9712817622425525923618622 1 4ZJ 926276204026199999999999999 241-401518 9199999999999999
121 54  0-30-28  6 68140206251269259227182136102 8910113618422825225022222 1 5ZJ10 9269212625599999999999999 328-3316 3 8999999999999999
171109 49  4-17 -7 33 94161216249257241206163122 96 8910714418922524223422 1 6ZJ1049258221124299999999999999 411-171646 8999999999999999
203155100 50 17  6 23 66122178221242241219184145112 92 9211314918721522422 1 7ZJ1126244225722499999999999999 453  61730 8999999999999999
213183141 97 59 38 37 59 99147191220230222198165132105 91 9511614817819922 1 8ZJ12 3230234720499999999999999 533 341817 9099999999999999
203192167134101 76 64 70 92127165196214216204181152123101 91 9611514116522 1 9ZJ1240217999999999999999999999 612 6419 9 9199999999999999
180184176159136113 97 92 99119146174195205204191169143117 97 88 9210712922 110ZJ 049184132320699999999999999 656 922011 8899999999999999
149165172170160145130119115121136155175191198196184163138112 92 81 83 9622 111ZJ 215172141719999999999999999 7531152121 8199999999999999
115137156169173169159147136130132141156172187195194182160133105 82 69 7022 112ZJ 4 0173152319699999999999999 9171302228 6899999999999999
 82105132157176185184174160146136133139153170187197196183158126 93 67 5322 113ZJ 52318516261989999999999999910491332323 5299999999999999
 55 72101135167190201198185166147132128134151172193204201183152114 76 4822 114ZJ 6182011720205999999999999991156128999999999999999999999
 36 43 68106147184208216208189163139123120131153181204214206181141 97 5622 115ZJ 65921618 621499999999999999 0 9 36124411999999999999999
 29 22 37 72119166204225226210183152126112114133163194217222207172125 7522 116ZJ 735228184622399999999999999 049 21132211199999999999999
 34 12 13 40 8613918922323722920417013611210411414217821123022720115710322 117ZJ 8 7237192323299999999999999 126  9135710499999999999999
 51 14  0 13 5210716421123824122319015211910010012115719722723822518813622 118ZJ 838243195823899999999999999 2 1  01429 9799999999999999
 78 29  0 -2 23 73134191230246238209170131103 9210213317521423923921516922 119ZJ 9 8247203224299999999999999 236 -515 1 9299999999999999
112 55 13 -5  5 43101163214243246226190148112 90 8911014819222724223219822 120ZJ 93824821 624299999999999999 310 -51534 8799999999999999
147 89 38  6  0 23 70132190231247238208167126 96 83 9112016320523323721822 121ZJ10 7247214223899999999999999 343 -116 7 8399999999999999
178125 72 31 11 16 49102162211239242223187145108 85 80 9613117421022922522 122ZJ1037244222023099999999999999 417  91643 7999999999999999
200159110 65 35 26 41 80133185223238230204165126 94 78 8010213817720721822 123ZJ11 923823 521899999999999999 453 251723 7699999999999999
210184146104 70 49 49 71110158200225230215185148112 85 74 8010313717119522 124ZJ1143231999999999999999999999 531 471810 7399999999999999
204196174143111 85 72 77 99134173204220218200170136103 80 70 76 9812815822 125ZJ 0 0204122422199999999999999 615 7219 6 7099999999999999
180190187173151127108 99103121148177200211207190163131 99 76 64 67 8411022 126ZJ 116191131621199999999999999 712 982017 6399999999999999
139164181187181168150133123122132151173192203202188164132 99 71 54 51 6322 127ZJ 3 1187142520499999999999999 8331212140 5099999999999999
 88120152179195199191175156139131133145164185201205195171137 98 63 38 2922 128ZJ 44819915492059999999999999910191302259 2999999999999999
 39 66104147185211220214195170145128124134156183206215208182143 95 51 1822 129ZJ 6 622117 5216999999999999991148124999999999999999999999
  5 15 48 96151198230242233207173140116110123152187218232224193145 88 3522 130ZJ 7 324218 923299999999999999 0 5  5125111099999999999999
 -3-17 -2 39 99163217250259243208164125100 96115154198234248236199141 7622 131ZJ 75025919 424899999999999999 1 0-171340 9499999999999999
 18-21-31 -9 43112182237266267241196147105 82 8511416221325026124219613122 2 1ZJ 831270195226199999999999999 149-311424 8099999999999999
 62  4-30-33 -1 60136205253273263226175123 85 69 8112117622826026323618322 2 2ZJ 9 9273203626699999999999999 234-3615 5 6999999999999999
115 48 -4-28-20 23 90164226262269246202148100 68 62 8513319023826125522022 2 3ZJ 943270211826299999999999999 315-301543 6199999999999999
164 98 39 -1-13  8 58126193240261253221172121 80 59 64 9614820123925123622 2 4ZJ1013262215725199999999999999 353-131619 5899999999999999
197142 85 39 14 16 46100162214244249229190143 98 68 58 7311116020423023222 2 5ZJ1040250223523499999999999999 426 111654 5899999999999999
211172125 80 50 39 53 89140189224237228200161118 84 64 65 8612416619821322 2 6ZJ11 5237231421399999999999999 457 391729 6299999999999999
208185152116 86 70 71 92128169203221221204174138103 78 68 75 9813116218422 2 7ZJ1129224235919299999999999999 525 6818 7 6799999999999999
192185166142118101 96104126155184203210202182155125 98 80 75 8310312915222 2 8ZJ1156210999999999999999999999 554 961853 7599999999999999
167173169157143130122122131148167184194194185168145122100 85 80 8610011922 2 9ZJ 1 2173123219599999999999999 6301211957 8099999999999999
137152161163160154148143142147156166175181181176164146125105 89 80 81 9022 210ZJ 255163133718299999999999999 7361422126 7999999999999999
105124143158169173171166159153150151155162170176176169153131107 86 71 6722 211ZJ 51217315311779999999999999910171502251 6799999999999999
 75 92117143167183190188178165151141138143154168181185179161134103 75 5622 212ZJ 61519016581859999999999999911551382350 5099999999999999
 50 61 85119154184202207199182160139126124134154176194200190165129 90 5622 213ZJ 6522071754200999999999999991240124999999999999999999999
 36 34 53 88131174205221219201174145121110114134164193213215197161115 6922 214ZJ 722222183721699999999999999 034 32131310999999999999999
 33 17 24 55101154199227235222193157123101 97112144182215231225195148 9422 215ZJ 750235191423299999999999999 112 161343 9699999999999999
 44 12  4 24 68126183225245240213174132 99 84 9011816120523624422618412722 216ZJ 817246194924599999999999999 147  41413 8399999999999999
 68 21 -3  2 37 94158213247253234194147104 77 72 9113218322825224821816522 217ZJ 844254202325499999999999999 220 -41443 7199999999999999
103 45  6 -6 13 62128193240259250216167117 78 60 6710015220624525824320122 218ZJ 910260205825899999999999999 253 -61514 5999999999999999
142 80 29  2  4 38 97165223256259235190136 88 58 51 7111517122225225422822 219ZJ 936261213325799999999999999 326 -11546 5099999999999999
180121 65 26 12 28 72135198242259246210159106 66 45 50 8113118722924824022 220ZJ10 3259221224899999999999999 359 121620 4499999999999999
208160107 62 36 35 62111170220248248224181130 83 52 42 56 9314419222523422 221ZJ1031251225423499999999999999 432 321655 4299999999999999
221189147104 72 59 67 99145194228240229198154108 70 48 46 6510214718721022 222ZJ11 0240234521599999999999999 5 7 581736 4499999999999999
215202176143113 93 89102131169203223224207175136 98 68 52 53 7210414017122 223ZJ1133226999999999999999999999 546 881826 5099999999999999
190195188172152133121119130152177198208205189163132100 75 60 59 71 9412222 224ZJ 055195121720999999999999999 6371181935 5799999999999999
148169181184180170157147143146157170183191191182164140112 86 67 57 60 7522 225ZJ 252184133019399999999999999 8 51432115 5799999999999999
 98126154177192197193182167155147147154166179188188178157128 96 67 47 4122 226ZJ 5 219715331899999999999999910311462254 4199999999999999
 51 75110149184209219215198175151133127134153176196206200177142 99 59 3022 227ZJ 61222017 8206999999999999991158127999999999999999999999
 18 28 60106157202231241230203167133110104118147184214229222194148 94 4422 228ZJ 658241181222999999999999999 0 2 18124910499999999999999
 10 -2 15 57116176225253255233193147107 84 84109152200236251238200143 8122 3 1ZJ 73525719 225199999999999999 055 -21330 8199999999999999
 27 -7-12 16 70139203249268257222171118 79 62 7311216722125726524319413022 3 2ZJ 8 8268194626699999999999999 139-1314 7 6299999999999999
 64 13-13 -7 33 98170231266270245197139 87 54 48 7312418724026926623417822 3 3ZJ 839272202627299999999999999 219-151442 4799999999999999
111 49  7 -6 14 65135203252271259219163106 60 39 46 8514420625226925521422 3 4ZJ 9 627121 326999999999999999 255 -61515 3899999999999999
155 93 42 14 16 49108175230261261233185127 76 42 34 5610516622025325723322 3 5ZJ 931265213825999999999999999 327 111546 3499999999999999
188133 81 45 33 50 92151207244255239200148 96 55 36 42 7512818322524323522 3 6ZJ 953255221224399999999999999 356 331616 3599999999999999
206163116 79 60 63 90135186225243237208165116 74 47 41 59 9814719121922422 3 7ZJ1013244224622599999999999999 422 581645 4099999999999999
210180144110 88 83 98129169206228229211177136 96 65 51 55 8011715718820422 3 8ZJ1034231232420599999999999999 447 831716 5099999999999999
202186162136116106111130159188209216207184152118 89 69 63 73 9612715617622 3 9ZJ1055216999999999999999999999 5111061753 6399999999999999
185182170154140130129137153173190199197185164139114 93 80 78 8610412614522 310ZJ 013185112020099999999999999 5391281843 7799999999999999
160168169165159152149149155164173180182178170156140122105 93 88 9110111422 311ZJ 140169115418299999999999999 62514820 8 8899999999999999
130145158166171172170166162160160161163165167166161150135118101 89 84 8822 312ZJ 443172141516799999999999999 94616022 7 8499999999999999
 99116137158176186189185176164153145143147156167174175166149125100 79 6822 313ZJ 55418916361769999999999999911511432322 6899999999999999
 70 85110141171194206205193174153135125126139158179193194181155121 87 6022 314ZJ 6262071737196999999999999991223124999999999999999999999
 49 55 79116157193217223213190160131111105116141172201216213190152107 6622 315ZJ 653223182021799999999999999 010 48125110599999999999999
 38 31 48 85134183220238234210173134103 87 91116155196227237224189138 8522 316ZJ 718239185723799999999999999 048 311318 8699999999999999
 42 19 23 53105164215246252232193146102 74 67 8512617722325125222617811822 317ZJ 742253193325599999999999999 123 171347 6699999999999999
 62 23 10 27 73136199245264253217165111 69 49 55 8914420324926825721916022 318ZJ 8 826420 926899999999999999 157 101417 4899999999999999
 97 44 14 13 45104173232266268240190130 76 41 32 5310316722826627425120322 319ZJ 834271204527599999999999999 231  91448 3199999999999999
141 80 36 18 31 76142209256273257215155 94 46 21 26 6212219024427126823722 320ZJ 9 1273212327499999999999999 3 5 181521 1999999999999999
184124 72 40 36 62115179235265264234182120 64 26 14 32 7814220424826425222 321ZJ 92826822 426499999999999999 339 341555 1499999999999999
217167116 77 58 65 99152207246259243204149 92 46 20 19 46 9615620823924622 322ZJ 956259224824799999999999999 414 571631 1699999999999999
231198157118 92 85100135180220242240216174124 77 42 26 34 6310915919822022 323ZJ1025244234122499999999999999 451 851712 2699999999999999
223210185156131116116131160193218226216191154114 77 52 42 51 7611214917922 324ZJ1058226999999999999999999999 53211418 2 4299999999999999
196202196183166151142142153171190202205195175148118 91 70 60 63 7910313022 325ZJ 057202114220599999999999999 6281401915 5999999999999999
156175188193190183172162157158164173181185183174158136112 89 73 66 71 8622 326ZJ 3 8193131218599999999999999 82215721 6 6699999999999999
109136164186202207202189172157147144150162175184186178159133103 76 59 5522 327ZJ 45920715431879999999999999910471442247 5499999999999999
 66 92127165198219226216195167141123118128150176198208203182147107 70 4422 328ZJ 55422617112099999999999999911501182351 3799999999999999
 37 51 85132180218240241221187148114 94 94114149189220233225196151100 5622 329ZJ 63224318 8233999999999999991231 91999999999999999999999
 29 26 48 94150204242256245212166118 82 67 77111160209243254238198143 8722 330ZJ 7 4256185425499999999999999 038 2413 7 6799999999999999
 42 20 25 60116179231261262236190134 85 53 48 7212118023226226423818812822 331ZJ 733265193426799999999999999 119 181341 4699999999999999
 73 34 21 40 86150211254269254213156 98 53 32 41 8014020325127226222617122 4 1ZJ 8 0269201127299999999999999 155 211413 3299999999999999
111 62 35 36 67123186239266263232180119 65 31 24 4810016522426126924920522 4 2ZJ 824268204627099999999999999 228 311444 2399999999999999
150 97 60 47 62104162218255263243199141 84 40 20 29 6712718923826125622722 4 3ZJ 847264211926399999999999999 259 471512 2099999999999999
181131 90 68 69 96143197238256247213162106 58 28 23 46 9415320724125023522 4 4ZJ 9 9256215125199999999999999 327 651540 2299999999999999
202159120 92 84 98132178219243244220179128 80 44 29 38 7112117321423423222 4 5ZJ 931247222523699999999999999 353 8416 8 2999999999999999
212179145117103107129163200227234222191149104 67 44 42 60 9714218220921922 4 6ZJ 95223523 121999999999999999 4191021638 4099999999999999
211190164140124120131154183208220216196165128 94 68 56 61 8311615118019722 4 7ZJ1015220234620199999999999999 4451201713 5699999999999999
200192176159145137140152170189201203194175149121 96 79 73 80 9912414916922 4 8ZJ1040204999999999999999999999 5171371758 7399999999999999
181184181173163156153155163173182186184176162145126108 95 90 9310412113822 4 9ZJ 056184111318699999999999999 6 715319 9 8999999999999999
155168177180179175170165162162163166168169168163153140124109 98 94 9810922 410ZJ 31618013 516999999999999999 83916221 1 9499999999999999
125145164180190193189180168157149145147154164172175170157137115 96 85 8422 411ZJ 45419315551759999999999999911 71452233 8399999999999999
 95117144172195208209198180158139126124133150171188196190171143111 84 6922 412ZJ 53421017 51969999999999999911431242328 6799999999999999
 69 87118156192217227220198167136112100106126158190213220208179139 98 6622 413ZJ 6 42271752220999999999999991212100999999999999999999999
 52 59 88131179219241241220184142104 80 76 94131176216240241219177127 8122 414ZJ 630244183324499999999999999 011 521241 7599999999999999
 49 41 59101156209246259245208158107 68 50 58 9214520124426425522116911222 415ZJ 658259191226499999999999999 049 411312 5099999999999999
 65 39 40 71125188240268265235183123 69 35 27 5010116622826827926021615622 416ZJ 726270195228099999999999999 127 361345 2699999999999999
 98 56 39 52 95157220263277258213150 85 35  9 15 5411718924928228325520422 417ZJ 755277203328799999999999999 2 5 381419  899999999999999
144 91 57 50 74126190245275272239182114 52 10 -3 16 6613720826128427624322 418ZJ 825278211528599999999999999 243 491456 -399999999999999
191136 91 68 72104159217259272255211150 85 31  0 -2 27 8515521825927326122 419ZJ 85627222 027399999999999999 322 661534 -599999999999999
226180134101 88100136186232258257230183124 67 24  4 11 4610216521624725422 420ZJ 928261225025599999999999999 4 2 881615  399999999999999
241211174139117112128161201232245235205160109 63 31 19 31 6511416420422722 421ZJ10 3245235023399999999999999 44511217 1 1999999999999999
233222201175151137135149174202220224212185148109 73 49 41 52 7911615418622 422ZJ1044225999999999999999999999 5351341757 4199999999999999
206214211199182165154151158173189201203195176150121 93 72 63 67 8411014022 423ZJ 112214114420399999999999999 6471511913 6299999999999999
168190205210205193178163154152158169180187188180164142116 93 78 73 8010022 424ZJ 3 0210133618899999999999999 8421522053 7399999999999999
127157185206217216203183161143134135146163181192194185164136107 83 70 7322 425ZJ 42221815411959999999999999910221332222 6999999999999999
 90121157192218230226206177145120107110129156185207215206182147111 80 6422 426ZJ 51323116592159999999999999911191072323 6399999999999999
 66 88126169209235242229199159120 91 80 91120161199226234222191149106 7422 427ZJ 55124317532359999999999999912 0 80999999999999999999999
 59 66 96142191231251248222179131 88 62 59 82124175219246249229190142 9822 428ZJ 622252183825199999999999999 010 581237 5799999999999999
 68 59 76115167217250259242203150 97 57 39 49 8513919624026025522618113122 429ZJ 651259191826199999999999999 051 591310 3999999999999999
 90 67 68 95143197240261256224174116 65 33 27 5110016221825626725121416622 430ZJ 717263195426799999999999999 127 641342 2699999999999999
119 85 73 85122174223255261240196139 82 39 19 28 6512418723726426323919722 5 1ZJ 743263202926799999999999999 2 1 731412 1899999999999999
150110 87 86110153203242259250215163105 54 23 17 41 8915120924826325222022 5 2ZJ 8 826021 326399999999999999 232 831442 1699999999999999
178137107 95106138182224250252228185130 77 37 19 28 6311717622425025323422 5 3ZJ 833254213625599999999999999 3 2 951511 1999999999999999
200162129110110129165205235246234202154103 59 32 27 48 9014319422924323722 5 4ZJ 859246221024399999999999999 3311071541 2699999999999999
213182150128119128152186217234233212175130 86 53 38 44 7211516220122422922 5 5ZJ 926236224723099999999999999 4 11191614 3799999999999999
218195169146133132146170197217224214189154115 81 59 53 65 9413317019921422 5 6ZJ 954224233121699999999999999 4331311650 5299999999999999
214202184164149143146160179197208207195171142111 86 72 70 8411014117019122 5 7ZJ1027209999999999999999999999 5111421735 6999999999999999
202202194181167157152155165177188194191181163140118 98 87 86 9611614016422 5 8ZJ 031203111319499999999999999 6 71521835 8599999999999999
183194198194185174164157156159166174179181176165149130112 99 94 9911413522 5 9ZJ 156198124618199999999999999 7481561958 9499999999999999
158179195203202194181166153145144149159170179183178164144123104 94 9510822 510ZJ 325204145518399999999999999 9411432125 9399999999999999
130158185205216214201180157136123121131149170189199197182156127102 87 8722 511ZJ 42121616192009999999999999910401212232 8599999999999999
102130166199223232224201169136109 95 98116147181209223218197164126 95 7822 512ZJ 5 12321716223999999999999991121 942324 7699999999999999
 80101139182221244246226191146105 75 65 77110155201234247238208165121 8622 513ZJ 53524718 5247999999999999991158 65999999999999999999999
 71 78109155206244261252219170115 69 42 39 6411217022425926825121316211422 514ZJ 6 9261185026999999999999999 011 701235 3799999999999999
 80 69 84124178230264271248202141 80 34 13 21 6012119024627828225721215822 515ZJ 643272193628499999999999999 056 691314 1299999999999999
110 80 75 98146203252276270235178110 49  7 -6 14 6513620826228928525520622 516ZJ 718278202329199999999999999 140 741354 -699999999999999
153109 86 88118169225265278260215151 83 25 -9-12 18 7715122026828828024722 517ZJ 755278211128999999999999999 225 831437-1599999999999999
199151113 97106140190239269270244193129 64 14-11 -6 30 9216322526527926722 518ZJ 83327322 227999999999999999 310 961521-1399999999999999
235193151122111125160205243262255224174114 57 16 -2  9 4810616922125426322 519ZJ 914263225626399999999999999 35711116 8 -299999999999999
252224188154132126141173209238248237206160109 62 29 17 30 6611717021223822 520ZJ 959248235724699999999999999 4471261659 1799999999999999
246237215186160142138151176204224230219193155113 76 49 40 52 8212316620122 521ZJ1052230999999999999999999999 5441371757 4099999999999999
224233227210187164148142150168190206213206188159126 95 72 63 70 9312516122 522ZJ 1 623312 121399999999999999 65414219 4 6399999999999999
192215225223210189166147137140153171188199201191170144116 93 81 83 9912622 523ZJ 220226133620199999999999999 8181372022 8099999999999999
159189213226225211188161137123122133153176194203200185161133108 93 9110422 524ZJ 326227151620399999999999999 9361212138 9099999999999999
129162194219232228210181148119102100115141171197213214200174144116 98 9522 525ZJ 4182321634215999999999999991036 992242 9499999999999999
108136171206230239230203166127 95 79 8110213717620822622721118214811810022 526ZJ 4592391732229999999999999991123 772334 9799999999999999
 99116148187221242244225189144101 70 58 68 9914318922424123821618314611622 527ZJ 53424618202429999999999999912 3 57999999999999999999999
101105128165206237251242212167117 74 47 43 6510715920724025224221517714022 528ZJ 6 725119 225299999999999999 0191001239 4299999999999999
113103114144185225250253232192140 89 49 31 39 7212418022725425824020716722 529ZJ 638254194025999999999999999 0591031313 3099999999999999
132111109128164206240255246215166111 63 31 24 44 8914620224326125623119422 530ZJ 7 8256201626299999999999999 1361071346 2399999999999999
156126112119146185224250253233192139 85 43 22 28 6011217122225326124721622 531ZJ 739255205026199999999999999 2111121418 2199999999999999
179145122118133166205237252244214166113 64 32 23 40 8213719323425525323222 6 1ZJ 8 9252212525799999999999999 2441171451 2299999999999999
200165137123128150185220243247229191142 92 52 30 33 6010716120824025024022 6 2ZJ 84124822 025099999999999999 3161231524 2899999999999999
216184154134129140167199227241235210169122 79 48 37 49 8313017821723824022 6 3ZJ 912241223624299999999999999 3491281559 3799999999999999
225200172148136137153180208227232219190151109 74 53 51 6910514919021923222 6 4ZJ 946232231723399999999999999 4251341637 4999999999999999
229212189165147140146163186208220219203175140105 78 64 67 8812216119521722 6 5ZJ1025221999999999999999999999 5 51401719 6399999999999999
225219203183163149144150165184201209206191166137108 87 77 8310413416819622 6 6ZJ 0 4225111420999999999999999 55714418 8 7799999999999999
214220215200181163149143147159175190198197186167142118 99 90 9511314017122 6 7ZJ 059220122419999999999999999 7 514319 9 9099999999999999
19721522121620118116014313413514616217919219719117615413011010010211814322 6 8ZJ 2 2221135919799999999999999 8231332019 9999999999999999
17420122022722120317815112811611512714817319420620519217014311910510511922 6 9ZJ 3 1227152820799999999999999 931114213110399999999999999
146179210231237227202169134105 90 9110813817320322222521218515412510710522 610ZJ 3532371640226999999999999991027 88223610499999999999999
121151188222244247230197153110 76 61 66 9213318021924324723019916112710722 611ZJ 4392481740248999999999999991115 60233510499999999999999
105124158201238258255229185132 82 46 32 44 8113419123826426624520816512822 612ZJ 52325918342689999999999999912 2 32999999999999999999999
107107130170216253269258223169108 54 18  9 30 7714120525528027925421216622 613ZJ 6 6269192728399999999999999 0301041249  999999999999999
128108111139183231266275257213152 86 31 -2 -5 23 7915021826729028525621122 614ZJ 651276201929199999999999999 1221071337 -899999999999999
165128111118150197244274277251201136 69 16-13-10 25 8716122727329228325122 615ZJ 736279211029299999999999999 2131101425-1699999999999999
206161128115126161209252276272242188123 59 10-13 -4 3610017123327328627522 616ZJ 82327822 128699999999999999 3 31151515-1499999999999999
242199157128119134171216254271263230177114 56 14 -2 11 5311518123426727622 617ZJ 911272225227699999999999999 35311916 4 -399999999999999
262230190153129124141177218249261250217168112 62 27 17 33 7513118823325822 618ZJ10 1261234226399999999999999 4441231654 1799999999999999
262247217181149129127145177212238246235205162115 74 48 42 60 9814719422922 619ZJ1055246999999999999999999999 5361251745 4199999999999999
248249233205173145128127143171201222229220196162125 92 72 69 8611915919722 620ZJ 033251115622999999999999999 6331251838 6899999999999999
225239238222196167140124122136160186206215210193167138112 96 9510913616922 621ZJ 125240131121599999999999999 7361211936 9399999999999999
20022223323121518915913311611312414617119220520719717715313211711512614822 622ZJ 218234143820899999999999999 842112204111499999999999999
176202223232227209182150122103 9911013216018620421120518916814713212813622 623ZJ 31123216 221199999999999999 946 99215012899999999999999
156181207226233226204172137107 87 84 9712315618821122021620117815614013422 624ZJ 4 02331712221999999999999991042 83225513499999999999999
142161188214232236224197160120 88 70 70 8912216219822323322720818315814022 625ZJ 44623718 6233999999999999991130 68235113599999999999999
135145167196223239239220186143100 69 54 61 8812917521423824423321018115422 626ZJ 5282411851245999999999999991211 54999999999999999999999
137135149176208234246238211170122 79 50 43 59 9514419323125125123420517322 627ZJ 6 7246193025499999999999999 0381341250 4299999999999999
146132136156188221245250234198150100 59 37 38 6511016421424726025222719422 628ZJ 64525120 626099999999999999 1191321326 3499999999999999
161138130140167203235253249224181128 79 43 30 42 7913118723225826224521522 629ZJ 721254204026399999999999999 15613014 2 3099999999999999
179149131131149182219247256243209160106 61 33 30 54 9915520824626225723322 630ZJ 756256211326399999999999999 2301281437 2899999999999999
199164138128137162198233254254231190138 87 49 31 39 7212317922625426024622 7 1ZJ 830257214626199999999999999 3 41281512 3199999999999999
216181151132130146177213242254245214169118 73 44 37 56 9614920123925625222 7 2ZJ 9 4254221925799999999999999 3371281546 3799999999999999
231199166141129135157190223244248230196150104 67 48 51 7712217321724525322 7 3ZJ 940249225225399999999999999 4121291622 4699999999999999
241216184154135130140166198226240236214179136 97 69 59 7010114619222824622 7 4ZJ1018241232824899999999999999 4501291659 5999999999999999
246229202171146131130144170199222231223201167130 98 78 75 9112416620623322 7 5ZJ11 2231999999999999999999999 5341291740 7499999999999999
244238218191162139126128143168194213220213193165134108 93 9411214318021322 7 6ZJ 0 8244115922099999999999999 6241251827 9299999999999999
23424123221118315413111912113515918420421321019517214612311111212815618822 7 7ZJ 054241131521399999999999999 724118192511099999999999999
21623423922820617714612110710712114517219621121420518716314112712613916222 7 8ZJ 147239144521599999999999999 830105203612599999999999999
191218235240229204171136106 89 8710112816119321722722320618215814013514322 7 9ZJ 246240161222799999999999999 937 86215413599999999999999
164192220240245232204166124 88 67 63 7911215419622824424322620017014813722 710ZJ 3472451726246999999999999991040 62231013799999999999999
143163194225248253238205159110 68 43 39 59 9915120324226326324421217714922 711ZJ 4462531829266999999999999991139 37999999999999999999999
135139162197233258263245206152 95 48 20 17 43 9215421325828127825521717722 712ZJ 543264192528399999999999999 0161341235 1599999999999999
145129135162203244271274251204144 81 30  1  3 35 9216222627329328725821522 713ZJ 637276201629499999999999999 1141291328 -299999999999999
170136122132165212256282281253200134 68 17 -9 -3 3610117524028329928725222 714ZJ 72928521 329999999999999999 2 61221419-1099999999999999
205159127116132171221265288283249193124 59 11 -9  4 4911819125228829727822 715ZJ 819290214729799999999999999 25511615 7 -999999999999999
238189145117112134178229270288277240182115 56 15  3 23 7314120926028728622 716ZJ 9 8288222929099999999999999 3411111554  399999999999999
261219172133110112139185233268279264225170110 60 30 26 5210416722426327822 717ZJ 95527923 727999999999999999 4271081637 2499999999999999
269240198156122107115145189231258263246209160111 73 53 58 8813619023426022 718ZJ1043264234426599999999999999 5111061719 5299999999999999
265249218179142116107119149188222242243226195156119 93 83 9312316520623722 719ZJ1134245999999999999999999999 55710718 0 8399999999999999
25124823020016513411310812114818120722322321018715913411711412615218421422 720ZJ 020252123322599999999999999 646108184211399999999999999
23324023321418715612911210912014316919220620920318816915214114115117019322 721ZJ 059240135021099999999999999 743108193414099999999999999
21422723022320517915112610910511413315617919620520519718417016115816417722 722ZJ 148230152820699999999999999 848105204815899999999999999
194210221225218201176147121103 9710412214717319521021421019818417216516622 723ZJ 251225165821499999999999999 958 97222216599999999999999
175190207220225219201174142113 92 85 9211314417620422222822320819017316322 724ZJ 35922518 02289999999999999911 0 85233716199999999999999
161170188208224231223202170133 99 77 71 8311114918821923824223121118716622 725ZJ 5 02311844242999999999999991150 71999999999999999999999
154154167190215234240228200160118 82 61 60 8011616220623825325123320517622 726ZJ 550240192125499999999999999 0291521233 5899999999999999
153143149170199228247248228192145 99 63 47 54 8413018222725526325222519222 727ZJ 632250195326399999999999999 1 91431312 4699999999999999
161140136150179215245259251222177125 78 46 39 57 9815220624726826624421022 728ZJ 710259202427099999999999999 1431351348 3899999999999999
173144129134158195233260266248209156102 58 36 39 7012017923126427426022922 729ZJ 746267205327499999999999999 2161291422 3499999999999999
190153129123138171213250270265237189133 81 45 34 50 9214920825327427124622 730ZJ 820271212227699999999999999 2471231455 3399999999999999
208167135119123148188231262272257219167111 66 41 42 7012118123426827626022 731ZJ 853272214927699999999999999 3191181528 3899999999999999
227185146121113127161204244267266241198146 96 61 48 61 9915421125427326822 8 1ZJ 928269221827499999999999999 35111316 1 4899999999999999
243204162129111113135174216249262253223179131 90 66 64 8713118523326327022 8 2ZJ10 4262224727099999999999999 4251091634 6299999999999999
254222181143116106115143183221246252237206166126 95 82 8911816220924626322 8 3ZJ1045252231826499999999999999 5 21061710 8199999999999999
25923720216312910810411814818521823623822319616313211010411714618522224822 8 4ZJ1135240235525599999999999999 544103175010499999999999999
25524522018615012110410311814617920722322621619517014713213014216719722522 8 5ZJ1242227999999999999999999999 635101184112999999999999999
242245233209177144117100 9811113516519221121921720518716915615215917719922 8 6ZJ 041246141522099999999999999 738 97195115299999999999999
220235237228206177144115 95 88 9711714617620322022722220919217616616617622 8 7ZJ 14423816 422799999999999999 857 88213016599999999999999
193213229236231212183147113 86 72 75 9512716520223024424423121018716916222 8 8ZJ 3 62361730246999999999999991019 7123 716299999999999999
166183206229243242225193151107 71 51 51 7211116020824526526624922018816222 8 9ZJ 4282451831268999999999999991130 48999999999999999999999
149153174205237257260241202151 97 53 29 29 5610516522226528528225721817822 810ZJ 537261192028799999999999999 0171481229 2599999999999999
146132140168210250276278254207146 84 35 10 15 5010917924228430028825320622 811ZJ 63528020 430099999999999999 1101321321  899999999999999
160127116131170221267293291260205136 71 22  1 13 5812620126229930528323922 812ZJ 726296204330799999999999999 15611614 9  199999999999999
185138108104128177234281303294256195124 60 17  4 26 8015422628030529926622 813ZJ 813304211930699999999999999 2391021453  499999999999999
215160116 93 98133189247289303287242179112 56 24 23 5411418624928929928122 814ZJ 857303215130099999999999999 319 921533 1999999999999999
240186135 99 86101144201254287292269222163106 63 44 54 9315321626428728322 815ZJ 940294222128999999999999999 358 861610 4399999999999999
255210159116 90 87111157210253275271245201152108 80 74 9313618923726827522 816ZJ1021277224827599999999999999 436 851644 7399999999999999
259225182138105 89 9512416821224325524722118514811910511013417321424626022 817ZJ11 4255231426099999999999999 514 88171610499999999999999
255233199161126102 9510713617220622723322420417815413813414416819822524222 818ZJ1152233234124599999999999999 553 95174813499999999999999
24523321118115012310710411714116919320821320819618216816016117118820722222 819ZJ1258213999999999999999999999 640103182715999999999999999
23022821619717314812711411212113815917819320220420019318618118018419320322 820ZJ 017230144920499999999999999 741111193817999999999999999
21121621520819417515313311811211612814616618520121021220920219418718418622 821ZJ 122216165421299999999999999 9 7112221018499999999999999
19119920721121020018316013611610410411513516118821022422822321119618217322 822ZJ 3172121755228999999999999991033103234017299999999999999
172179192206218220211190162131105 90 8910413116620022724224323121018716822 823ZJ 4442211833244999999999999991132 87999999999999999999999
158159172194216232235221193155117 87 72 7610013718122124825825022819917022 824ZJ 54023519 325899999999999999 0231571217 7199999999999999
149142152175206234250247225186140 97 67 57 7110615520524526626624721517922 825ZJ 622251193026999999999999999 0561421254 5799999999999999
148131133153187226255266253219171118 74 50 50 7712418123326727826623419322 826ZJ 658266195727899999999999999 1251291329 4799999999999999
153126117130163207249274275250205148 94 55 40 54 9515321426128428025421122 827ZJ 732277202228699999999999999 15411714 1 4099999999999999
165127107110137181231269285274237183123 73 44 43 7112418824628229027123122 828ZJ 8 5285204729099999999999999 2231061433 4099999999999999
182136104 95111150203252283287264218159103 62 45 5810016122427129228425122 829ZJ 839289211229299999999999999 253 9515 4 4599999999999999
202151110 88 91119168223267287279246196139 91 62 59 8513519825228528926622 830ZJ 913288213829099999999999999 323 861536 5799999999999999
223171123 90 80 95133186238272280263226177127 91 75 8511917222826928427322 831ZJ 94928122 428599999999999999 356 8016 8 7599999999999999
240193143103 80 80104148199242266266245208165127103 9911715520324627127222 9 1ZJ1030268223227599999999999999 430 771642 9899999999999999
251213167124 93 79 8711515820223625124722819816513912512814918322125026122 9 2ZJ111725223 426199999999999999 5 9 79172012599999999999999
253228192151116 92 85 9512215819422023223021719717616015215717419922424122 9 3ZJ1222233234524599999999999999 556 8518 815299999999999999
245234212181148119 99 92 9911914817620021522121820819618417617718520021522 9 4ZJ14 8221999999999999999999999 7 0 92192817699999999999999
226229223207184157130108 95 9510612715418120422122922721820519218418218722 9 5ZJ 051229162022999999999999999 832 93214318299999999999999
198211221223217199174143114 91 81 8510313417020523224825023821819517616622 9 6ZJ 2492231736251999999999999991014 80232116599999999999999
167181202222236236221192153112 79 60 61 8312117021725227126924921718315522 9 7ZJ 4322381825272999999999999991128 58999999999999999999999
142146168202235257261243205155103 61 39 42 7212218323827629027924720316022 9 8ZJ 54026219 429099999999999999 0151411223 3799999999999999
128117130165211255281283257209148 88 43 23 34 7513820626329630027623117822 9 9ZJ 633285193930299999999999999 0581171310 2399999999999999
130100 97122170228276301295260202135 73 32 20 42 9516623528630729726020422 910ZJ 719302201130899999999999999 138 951352 2099999999999999
146100 78 86125184247293310295251188120 64 32 32 6612820026330030528023122 911ZJ 8 2310204030799999999999999 215 771430 2899999999999999
170114 77 66 87137203263300307282233170109 64 46 5910316723328130128925122 912ZJ 84230821 730199999999999999 251 6615 6 4699999999999999
196137 89 63 66 99156220271296291260210154105 76 72 9614620625728628726222 913ZJ 920298213229099999999999999 325 611539 7099999999999999
216161110 74 62 77119176231269281268234189144111 9710613818523426727726322 914ZJ 958281215427799999999999999 357 6216 8 9799999999999999
229182133 94 71 72 9614019123325725824121117514512612514217521424626225722 915ZJ1035260221626399999999999999 429 69163512399999999999999
234198156117 90 80 8911715719622523823521919517215414815417320022724324522 916ZJ1117239223824699999999999999 5 3 8017 314899999999999999
232207175142115 98 9510713316419221021821520519117817017017819321022322922 917ZJ121221823 322999999999999999 541 94173516999999999999999
22421019016614212311111012013916017919420220420219719218818719119720420922 918ZJ1355204234321099999999999999 635109184018799999999999999
21020619818516915213612412012313314816418119520521021120720119519118818822 919ZJ1637211999999999999999999999 8 4120223018899999999999999
19119419719719218216614813111911512013315317719921622522621820519117817122 920ZJ 233198173322799999999999999 957115233616999999999999999
170176188200209208198177152126107 9910512315218421423424223722119817515722 921ZJ 42921018 52429999999999999911 7 99999999999999999999999
150155171194215228226210180145112 89 82 9412316220323625525523921117815022 922ZJ 525229183125799999999999999 0 61501152 8299999999999999
134133149178211237249240213173128 91 70 70 9413518523026127025822818915022 923ZJ 6 5249185527099999999999999 0321311228 6799999999999999
123113124155196236262266246206155106 70 56 6910616021625928127624820515722 924ZJ 640267191928299999999999999 05811313 2 5699999999999999
118 97 99125170221262281274241190133 84 55 53 8013219424928429026922517222 925ZJ 714282194329199999999999999 125 951334 5099999999999999
122 88 78 95136193248284293273228169111 69 51 6310516623027829728624819322 926ZJ 74829320 829799999999999999 153 7814 6 5199999999999999
135 89 64 68100155219270297293261209149 96 64 60 8613920426129429626821722 927ZJ 823299203329999999999999999 223 621439 5899999999999999
156100 63 51 69115178240284298283244190134 92 73 8211817623628029628023922 928ZJ 859298205929699999999999999 254 511512 7299999999999999
182122 74 48 49 80134198253284288266225175129100 9311215420925728428225522 929ZJ 938290212728799999999999999 327 451547 9399999999999999
207150 97 60 46 58 9615221025327327024620916813511812114518523026327326022 930ZJ1020275215527399999999999999 4 3 46162311799999999999999
226179129 86 60 55 741121622092412542482292001721511431501732052362542532210 1ZJ1111254222825699999999999999 443 5417 314399999999999999
235202162121 89 71 71 891221611962212322302192021851721681731892102272352210 2ZJ1222233231023699999999999999 532 69175916899999999999999
231215190159129103 88 86 971201481761992142212212142041931851841891982082210 3ZJ1425222999999999999999999999 641 85194318499999999999999
214215207192171147123104 94 951071281551822062242332312212061901781741762210 4ZJ 031215162223399999999999999 824 9322 717399999999999999
186198208213208194170141113 92 83 881081401772122382512492322071801581472210 5ZJ 3 221317212529999999999999910 8 83231614799999999999999
151167191215231233219189151112 81 66 71 961371852292592702602311931561282210 6ZJ 43823418 0270999999999999991117 65999999999999999999999
118129157196232255258239201152103 67 51 61 961492062532802822582161671232210 7ZJ 538260183428499999999999999 0 011812 7 5199999999999999
 96 92115159211255279277249201143 90 54 45 651111732342772942812431881322210 8ZJ 62628219 429499999999999999 038 911250 4499999999999999
 89 68 77114171231277296285247191130 79 50 51 831392052622932952662151532210 9ZJ 7 8296193329899999999999999 113 671329 4799999999999999
 97 60 51 74125191252292301281235175117 74 57 71113175237282297281238178221010ZJ 748302195929799999999999999 147 5014 5 5799999999999999
116 67 41 47 84145213268297295265215158109 80 76101151211262289286255202221011ZJ 826300202429199999999999999 220 401438 7499999999999999
141 85 47 37 56105170232275290278243194146110 94103137187238273281262221221012ZJ 9 2290204828299999999999999 252 3615 9 9499999999999999
165109 64 41 45 77131192243272275255219177140118115134172217253270262232221013ZJ 937276211027099999999999999 322 39153811499999999999999
186134 88 57 48 64103156207243259253230199167143133140164199232253254235221014ZJ1013259213325699999999999999 352 4816 513399999999999999
201157114 80 63 65 88128173211234240231210186165153152164187213233240231221015ZJ1051241215724099999999999999 423 61163415099999999999999
209176140108 86 78 86111144178205219221213199184172166169181197213221220221016ZJ1140222222322299999999999999 459 78171016699999999999999
208188163136114100 96105125150173192203207204197190183180181187194201203221017ZJ1259207225920399999999999999 547 96181418099999999999999
200192179162145128117112116128144162179193202206205201194188183180180182221018ZJ1522206999999999999999999999 7 2112213218099999999999999
184186186182173160144129119116121133151171192207217218211199185172163160221019ZJ 126187163921899999999999999 854116225816099999999999999
163172183193196190176155133115106108122146174202223233230216194170150139221020ZJ 3531961716233999999999999991019105232913899999999999999
139151171193210216207186157126102 91 96118151189223243247234208175144122221021ZJ 4562161744248999999999999991111 91235611599999999999999
115125149182213233236220189149112 85 78 92125169214248262255227188145111221022ZJ 53923718 9262999999999999991152 78999999999999999999999
 93 95119159203240257252225182134 94 71 72 98143197244271273250207156108221023ZJ 617258183427599999999999999 023 911228 6899999999999999
 76 67 84125179231266277260221169117 79 64 77116172229271286271232176117221024ZJ 65327719 128699999999999999 051 6713 3 6499999999999999
 71 47 51 84140204257287287259210153103 72 68 92143204258288288257203138221025ZJ 730291192829299999999999999 122 451339 6699999999999999
 79 39 27 46 94161229278298287250196140 96 75 82118174234278293276231168221026ZJ 8 9298195729399999999999999 154 261416 7499999999999999
102 48 18 19 52112184247287297278236183133 99 88105147204256285284253200221027ZJ 849297202828899999999999999 229 151454 8899999999999999
135 73 29 11 24 67131200255284285262221174134110109132176226264278264226221028ZJ 93228821 027899999999999999 3 6 11153310799999999999999
171110 58 25 18 38 85147207250270267244209171142128133158197235259261240221029ZJ1020271213426399999999999999 346 17161512799999999999999
200150 98 57 34 34 58102155203236250247229203176156148154175205231243239221030ZJ1117251221424499999999999999 431 3117 514899999999999999
217183141101 69 52 54 75111152190217230231221205186171164167180198215222221031ZJ123423223 922299999999999999 525 51181316399999999999999
218202177146115 89 74 72 861111421731992162242232131981821701661701801922211 1ZJ1419225999999999999999999999 637 7120 016699999999999999
201204198184162137112 92 84 871041291601892132282312232061841641511491562211 2ZJ 050204154723299999999999999 812 83214614899999999999999
171187201206201184159130104 86 83 951201541902212402432302051741451251212211 3ZJ 3 2206164224499999999999999 944 82224812099999999999999
132155183209223223206176140106 83 76 89119161203237255252229193151116 942211 4ZJ 4282251722256999999999999991051 762333 9199999999999999
 94114149190225244243221185141102 77 72 91129178224256266252217169120 822211 5ZJ 5272461755266999999999999991142 71999999999999999999999
 65 74106155205245263257228184135 95 73 75102149202247271269241193136 852211 6ZJ 615264182527399999999999999 011 651225 7199999999999999
 52 44 65111170226263275261224175126 90 76 871241762282652762592181611012211 7ZJ 657275185427699999999999999 046 4313 4 7699999999999999
 54 30 35 70127192245276279255213163118 90 861071512042502742702391871252211 8ZJ 736281192227699999999999999 120 281341 8499999999999999
 69 31 20 39 86150214260280272242197150113 961031331802292622712522101522211 9ZJ 813280194827299999999999999 153 191414 9599999999999999
 92 45 19 23 55111176232266274258223180140114108124161206245264257226177221110ZJ 848275201526599999999999999 224 17144710799999999999999
120 68 32 21 37 79138197242264261238203165135120124148185224249254236197221111ZJ 923265204225599999999999999 255 20151711999999999999999
147 95 54 31 33 60107162211243253243217185156136131143169203231243237211221112ZJ 958253211024499999999999999 326 29154813099999999999999
170124 81 52 41 53 85131178215235237223200174153142144159184210227229215221113ZJ1036239213923099999999999999 359 41162114199999999999999
187150111 79 60 58 75108147184211223221208189170156151156170190206214211221114ZJ1120224221321499999999999999 436 5717 115199999999999999
195169139109 86 75 77 95123155183202211209199185172162159163172184194197221115ZJ1217211225919799999999999999 519 7418 015999999999999999
193181161139117 99 91 93107129154177194203204199189178167161160164171177221116ZJ1338205999999999999999999999 617 90194116099999999999999
182182176164147129113103102111128150172191203208205195181166154147147153221117ZJ 02918215 520899999999999999 736101213114699999999999999
162173180182175161143124109103108123146173196213219214198177154135125125221118ZJ 24218216 221999999999999999 9 3103222912399999999999999
135153174190197193177153127107 98102120149182210228231219194162130107 97221119ZJ 4 81971641232999999999999991012 9723 7 9799999999999999
104124154185209218211189157125100 90 98123160199230245240216178135 98 74221120ZJ 5 421817152469999999999999911 4 902341 6999999999999999
 70 87122166206233240227195155117 91 84 99133178222251258241202152101 62221121ZJ 5502411747259999999999999991150 84999999999999999999999
 43 49 80129185231257259236196149109 85 83107150201245267263231180119 64221122ZJ 633261182026999999999999999 016 421233 8199999999999999
 28 17 36 82144207255276270239192142102 83 90122172225264276258213151 86221123ZJ 716277185427699999999999999 052 171316 8299999999999999
 32  1  1 33 91163228271286272235185136101 88102141195245274274244190122221124ZJ 8 0286193027899999999999999 130 -31359 8899999999999999
 57  8-14 -4 39106180241278286267227177133104 99119162214256275264225166221125ZJ 84628720 827599999999999999 211-151443 9899999999999999
 98 37 -4-17  3 52121192246275278255216171133112113137179225258266247205221126ZJ 935280204826799999999999999 255-17152910999999999999999
146 83 30 -3 -8 17 68134196242265263241206168138122127152190227250251229221127ZJ1026267213225499999999999999 340 -9161712199999999999999
187133 78 34 10 10 36 84142195232249247228199168143132137159190219235232221128ZJ1123251222223699999999999999 430  6171213199999999999999
211175130 85 49 30 32 56 97145188219234234219195170148137140157181203216221129ZJ1227236232521799999999999999 525 28181813799999999999999
215199171135 99 70 53 54 73106145181209224226215195171149135134145164184221130ZJ1338227999999999999999999999 628 51193713399999999999999
198202194175148118 92 75 72 851111441762032202242151941681431251181251432212 1ZJ 051202144822499999999999999 741 72205811899999999999999
164184196197186165138112 92 85 93114144177205223227216191160129106 961032212 2ZJ 236198154522799999999999999 9 0 8522 6 9699999999999999
123150178199207201182154126103 93 98118149184213231231214183144107 81 722212 3ZJ 4 52071632233999999999999991011 922258 7299999999999999
 82109146182209221216195165133108 96102125160196226239232207166121 81 552212 4ZJ 5112211711239999999999999991110 962342 5099999999999999
 51 68105151194224235227202168133108 98108136174212238244228192144 94 542212 5ZJ 6 423517472449999999999999912 0 98999999999999999999999
 33 37 65112165210239246232202164129106101117151192228246243216170116 652212 6ZJ 649246182024899999999999999 021 31124410199999999999999
 30 18 33 72128184228251251230194155122105107130169210240249234197144 882212 7ZJ 729254185324999999999999999 057 18132310399999999999999
 41 13 13 40 891502052432572482201821441161061171471882252462452181731162212 8ZJ 8 6258192524999999999999999 132  914 010699999999999999
 62 22  6 18 561131732232512562382051671331131111301652052352462331971462212 9ZJ 841257195724699999999999999 2 6  6143410999999999999999
 90 42 13  9 32 79138194235252247222187152125113121147183218239239215173221210ZJ 915253202924299999999999999 239  715 711399999999999999
121 70 31 13 21 54105162210239246232204170140121118133163197224235225195221211ZJ 94824621 223599999999999999 312 12153911799999999999999
150100 57 28 22 40 79130180218236234215186156133122126146175204223224207221212ZJ1023237213522699999999999999 346 21161312199999999999999
173130 87 52 35 38 62103150192219228220199172147130126135155181203214209221213ZJ1059228221121499999999999999 421 33165112699999999999999
188155117 82 57 48 57 85124164197215218207187163143131130140158179195200221214ZJ1140219225520099999999999999 5 0 48173712999999999999999
192172144113 85 68 64 77104138172198211210199180159142131129138153170183221215ZJ1228212235418799999999999999 543 64183812999999999999999
187180165142117 95 82 80 93117147175197208207196177157138125122128141157221216ZJ1325209999999999999999999999 636 79195212299999999999999
170178176166149128108 95 93103124151177198209208196176152129112106110124221217ZJ 122178142621099999999999999 742 9321 610699999999999999
143163177182177163143122106101108127153181203215213198173142112 91 82 88221218ZJ 3 2182152321699999999999999 85610122 6 8299999999999999
107134163185197195181158133113104109128157188213225220198164125 88 63 55221219ZJ 42219816132259999999999999910 81032257 5599999999999999
 66 93131171202218216199170139114103108130163199226236225195151102 60 33221220ZJ 52421916592369999999999999911121022343 2799999999999999
 28 46 85135185222240236213178141113100108134173213240245227187133 76 30221221ZJ 61824117442469999999999999912 9100999999999999999999999
  4  5 33 83145202242258250221180139109 98109141186227252252225175113 51221222ZJ 7 9259182925599999999999999 029  113 1 9899999999999999
  4-19-11 27 88157218258271258223178135105 97113151199241261254219162 94221223ZJ 759271191526299999999999999 116-201351 9799999999999999
 30-15-33-18 29 97171231268276257219171129102 98120162212250265251209148221224ZJ 84727720 126599999999999999 2 3-331439 9799999999999999
 78 16-25-36-14 39111183239270273250209162122100101127172220254262243197221225ZJ 936275204826399999999999999 251-371527 9799999999999999
135 68 11-24-28 -1 55126193242266263236195151116 99105134179222250253230221226ZJ1023268213725599999999999999 339-301616 9899999999999999
184125 64 15-12-10 21 77142200240256248220181142112 99108139180217239238221227ZJ1110256222724199999999999999 427-1517 5 9999999999999999
214172119 68 28 10 16 49100156203233242231204168133108 99110138174205221221228ZJ1156242232322399999999999999 515  91758 9999999999999999
219198163120 79 49 37 47 77121166203224228216190158127104 97107131161187221229ZJ1244229999999999999999999999 6 5 371856 9799999999999999
202201187160128 97 75 67 76102137173200216217204180150121 99 91 99119145221230ZJ 029203133421899999999999999 658 6720 1 9199999999999999
168184189181163140117100 95103123150178199211210196171141111 89 79 85102221231ZJ 152189142521299999999999999 756 9521 9 7999999999999999
